<ticker>,<date>,<open>,<high>,<low>,<close>,<volume>
WC,140101,605.25,605.25,605.25,605.25,0
WC,140102,599.00,599.00,595.00,597.00,39720
WC,140103,605.75,606.00,605.50,605.75,49188
WC,140106,605.75,605.75,605.75,605.75,49188
WC,140107,604.50,604.50,602.00,602.50,45799
WC,140108,590.00,590.00,587.00,588.75,55310
WC,140109,588.50,588.50,579.50,584.25,67643
WC,140110,588.00,588.00,568.50,569.00,110226
WC,140113,573.50,574.00,573.50,573.50,110226
WC,140114,573.75,579.25,573.75,579.25,58021
WC,140115,569.00,569.00,567.50,567.75,38950
WC,140116,566.25,573.00,566.00,572.75,48891
WC,140117,563.75,564.00,563.00,563.50,48891
WC,140120,563.50,563.50,563.50,563.50,0
WC,140121,562.25,564.00,562.00,562.25,39481
WC,140122,561.00,562.25,561.00,561.25,39481
WC,140123,570.00,570.50,561.25,570.00,47326
WC,140124,562.75,565.25,562.75,565.25,47326
WC,140127,571.50,571.50,563.50,563.50,44294
WC,140128,567.50,568.00,566.00,566.00,44294
WC,140129,553.75,553.75,550.00,551.50,84576
WC,140130,554.50,554.50,552.50,553.50,84576
WC,140131,556.75,556.75,555.75,555.75,62117
WC,140203,555.75,563.75,555.75,563.75,45491
WC,140204,568.00,584.50,568.00,584.50,84912
WC,140205,585.50,587.50,585.50,587.50,84912
WC,140206,589.00,589.00,580.00,580.75,76582
WC,140207,586.50,586.50,576.50,577.50,101476
WC,140210,585.00,586.00,584.75,584.75,101476
WC,140211,589.50,590.25,584.75,590.25,94447
WC,140212,586.25,590.25,586.25,587.00,94447
WC,140213,595.50,595.50,587.00,595.50,91588
WC,140214,601.00,601.00,597.00,598.50,65904
WC,140217,598.50,598.50,598.50,598.50,0
WC,140218,607.50,612.00,607.50,612.00,67231
WC,140219,617.75,620.25,617.75,620.25,67231
WC,140220,611.25,613.50,611.25,613.50,72261
WC,140221,608.50,608.50,605.50,605.50,72261
WC,140224,604.00,617.25,604.00,617.00,58028
WC,140225,618.50,618.50,618.00,618.00,79422
WC,140226,605.50,618.00,605.50,605.50,79422
WC,140227,602.25,603.75,588.50,589.25,79777
WC,140228,595.50,602.25,595.50,602.25,79777
WC,140303,629.00,634.00,629.00,631.50,131057
WC,140304,626.00,643.50,625.00,643.50,131057
WC,140305,636.50,643.50,636.50,642.50,71031
WC,140306,643.75,646.00,643.75,646.00,55838
WC,140307,656.00,656.00,653.00,654.00,75765
WC,140310,650.00,653.25,640.00,640.75,75765
WC,140311,646.00,659.00,646.00,659.00,68111
WC,140312,680.00,685.00,680.00,683.75,80625
WC,140313,677.00,677.00,671.75,673.75,80625
WC,140314,686.00,689.00,685.50,687.25,78940
WC,140317,676.00,676.00,674.50,674.50,63971
WC,140318,679.00,692.50,679.00,692.50,50345
WC,140319,715.50,715.75,715.00,715.75,89394
WC,140320,706.00,715.75,703.75,703.75,94704
WC,140321,703.50,703.50,691.00,693.25,94704
WC,140324,703.00,714.50,703.00,714.50,65088
WC,140325,710.00,714.50,708.25,708.25,65088
WC,140326,696.00,697.00,696.00,696.75,55708
WC,140327,710.75,710.75,710.50,710.50,55708
WC,140328,701.75,701.75,695.50,695.50,54754
WC,140331,688.75,697.25,688.75,697.25,75550
WC,140401,690.50,690.50,684.50,685.25,75550
WC,140402,674.75,674.75,669.00,669.25,67749
WC,140403,675.50,676.00,675.50,676.00,66959
WC,140404,667.00,670.50,667.00,669.75,51599
WC,140407,669.50,677.50,669.50,676.25,63690
WC,140408,670.50,682.00,670.50,681.00,68552
WC,140409,677.00,677.00,668.00,669.00,96035
WC,140410,658.25,662.25,658.00,662.25,96035
WC,140411,663.25,663.25,659.50,660.25,77610
WC,140414,680.50,681.75,678.00,678.75,75164
WC,140415,686.75,709.75,686.75,709.75,66218
WC,140416,714.50,714.50,695.25,695.25,75193
WC,140417,697.50,699.00,695.25,699.00,75193
WC,140418,699.00,699.00,699.00,699.00,0
WC,140421,699.00,699.00,675.50,675.50,58233
WC,140422,679.00,679.50,675.50,679.50,69020
WC,140423,676.00,683.75,676.00,682.75,69020
WC,140424,682.75,696.50,682.75,696.50,76035
WC,140425,707.50,709.50,696.50,708.25,76035
WC,140428,708.00,710.00,700.50,708.50,62802
WC,140429,712.00,716.50,712.00,716.50,62802
WC,140430,717.00,722.75,716.50,721.50,62285
WC,140501,713.50,713.50,707.00,707.25,62285
WC,140502,716.00,716.00,707.25,716.00,55337
WC,140505,724.25,735.00,723.50,729.00,60636
WC,140506,738.50,739.00,729.00,739.00,60636
WC,140507,736.75,739.00,736.75,737.75,55629
WC,140508,735.00,735.25,735.00,735.25,47795
WC,140509,729.50,733.50,721.50,722.50,69817
WC,140512,707.75,715.00,707.75,715.00,69817
WC,140513,715.00,715.00,709.25,709.25,51870
WC,140514,690.50,691.50,690.25,690.25,65904
WC,140515,687.00,687.00,678.00,678.25,65904
WC,140516,674.00,674.25,674.00,674.25,57240
WC,140519,665.00,675.50,665.00,674.50,72503
WC,140520,679.00,680.00,669.00,670.50,72503
WC,140521,671.00,671.00,663.50,664.25,66296
WC,140522,657.50,659.25,657.50,659.25,67073
WC,140523,654.00,654.00,652.00,652.50,67073
WC,140526,652.50,652.50,652.50,652.50,0
WC,140527,642.00,642.00,641.00,641.00,58007
WC,140528,639.50,639.50,638.50,638.75,53220
WC,140529,636.25,636.25,632.00,632.50,49662
WC,140530,636.00,636.00,627.25,627.25,49662
WC,140602,621.75,622.00,618.00,620.75,62437
WC,140603,612.50,613.00,611.50,612.50,62437
WC,140604,618.00,618.00,614.50,614.50,55548
WC,140605,606.00,607.00,605.75,605.75,52098
WC,140606,610.75,619.25,610.75,618.25,66067
WC,140609,609.25,613.00,609.25,612.50,66067
WC,140610,607.75,607.75,601.00,601.25,69509
WC,140611,590.00,590.00,589.00,589.25,75741
WC,140612,590.25,590.25,584.00,585.25,75741
WC,140613,587.00,587.00,586.00,586.00,66219
WC,140616,582.50,582.50,581.00,581.00,66219
WC,140617,584.00,584.00,581.50,581.75,54988
WC,140618,587.50,597.50,586.25,587.00,54988
WC,140619,592.00,594.00,592.00,593.50,54897
WC,140620,584.50,585.25,584.50,585.25,36985
WC,140623,589.00,589.00,588.50,589.00,44591
WC,140624,585.00,585.00,580.75,580.75,44591
WC,140625,580.75,584.25,580.75,584.25,40259
WC,140626,585.00,585.00,584.00,584.75,57621
WC,140627,587.00,594.00,587.00,593.75,57621
WC,140630,580.50,580.50,576.00,577.50,72057
WC,140701,572.00,572.50,571.50,572.50,72057
WC,140702,574.50,576.00,574.50,575.50,47820
WC,140703,579.00,581.00,579.00,579.50,34648
WC,140704,579.50,579.50,579.50,579.50,0
WC,140707,576.00,576.00,556.00,556.75,52187
WC,140708,559.00,559.00,555.00,556.25,52187
WC,140709,552.50,552.50,551.00,551.25,39038
WC,140710,546.25,548.50,546.25,548.50,39269
WC,140711,526.00,526.00,525.00,526.00,68041
WC,140714,530.00,537.75,530.00,537.75,68041
WC,140715,537.75,537.75,537.75,537.75,44745
WC,140716,538.50,538.50,537.50,538.00,37907
WC,140717,551.00,551.00,550.50,550.75,88501
WC,140718,534.50,534.75,532.25,532.25,88501
WC,140721,526.75,530.00,526.75,530.00,52234
WC,140722,524.50,525.50,524.50,524.50,36058
WC,140723,525.75,531.00,525.75,530.75,35671
WC,140724,529.00,529.00,528.50,528.75,56461
WC,140725,532.25,538.50,532.25,538.00,56461
WC,140728,535.50,535.50,534.75,534.75,42238
WC,140729,529.50,529.50,519.00,520.00,52042
WC,140730,525.50,527.50,523.75,527.25,52042
WC,140731,529.00,530.25,529.00,530.25,59662
WC,140801,544.00,544.00,533.50,534.25,60735
WC,140804,546.75,551.50,543.00,544.00,60735
WC,140805,542.00,552.50,542.00,552.50,55273
WC,140806,569.50,571.75,566.50,568.00,83170
WC,140807,561.75,562.25,561.50,561.50,83170
WC,140808,557.00,557.00,547.50,549.25,80800
WC,140811,549.25,549.25,546.50,546.50,97475
WC,140812,539.00,539.00,538.00,538.00,97475
WC,140813,535.00,535.00,528.00,528.00,96506
WC,140814,536.50,537.25,528.00,537.25,65016
WC,140815,549.75,563.50,549.50,563.50,60388
WC,140818,554.25,554.50,554.25,554.25,60388
WC,140819,559.00,559.00,558.50,558.50,55910
WC,140820,549.50,550.50,549.00,550.00,65144
WC,140821,554.25,556.00,554.25,555.50,65144
WC,140822,563.00,563.00,555.50,562.25,70779
WC,140825,563.00,563.00,554.50,554.50,70779
WC,140826,556.00,557.00,556.00,556.50,56498
WC,140827,557.50,562.50,557.50,562.25,56498
WC,140828,573.25,575.75,571.00,571.75,81786
WC,140829,563.00,563.50,562.00,563.50,81786
WC,140901,550.25,550.25,550.25,550.25,0
WC,140902,554.50,555.00,554.25,555.00,51459
WC,140903,537.00,537.00,535.00,535.75,81943
WC,140904,531.00,535.75,530.25,530.25,81943
WC,140905,530.50,536.75,530.50,535.25,48932
WC,140908,533.50,535.25,533.50,533.50,48720
WC,140909,528.00,533.50,527.50,527.50,33922
WC,140910,520.50,520.50,519.50,519.75,35896
WC,140911,517.50,517.75,507.75,509.50,58989
WC,140912,503.00,503.00,502.50,502.50,58989
WC,140915,500.00,502.50,500.00,500.75,39754
WC,140916,501.00,501.00,496.25,496.25,48769
WC,140917,499.50,500.00,499.25,499.25,48769
WC,140918,488.25,488.50,487.75,488.50,33252
WC,140919,484.00,484.00,474.00,474.50,45467
WC,140922,476.00,476.75,474.50,476.75,61856
WC,140923,475.50,476.75,475.50,476.00,61856
WC,140924,483.00,483.00,480.25,480.25,54643
WC,140925,480.25,480.25,474.00,474.00,54643
WC,140926,474.50,474.75,474.25,474.25,51821
WC,140929,480.00,482.00,480.00,481.25,41810
WC,140930,469.75,478.50,469.50,477.75,61656
WC,141001,472.00,479.00,472.00,479.00,61656
WC,141002,483.00,484.00,482.75,482.75,48696
WC,141003,482.75,485.75,482.75,485.75,48696
WC,141006,491.25,491.50,491.25,491.50,44411
WC,141007,496.50,506.50,491.50,506.25,71942
WC,141008,508.00,508.00,507.75,507.75,71942
WC,141009,493.25,507.75,493.25,493.25,56948
WC,141010,490.00,498.50,490.00,498.50,67978
WC,141013,498.50,505.25,498.50,505.25,67978
WC,141014,505.00,509.50,505.00,509.25,39341
WC,141015,507.00,515.00,506.00,506.00,55380
WC,141016,507.00,517.00,507.00,517.00,55380
WC,141017,515.25,516.00,514.75,516.00,48282
WC,141020,516.00,516.00,513.50,513.50,48282
WC,141021,522.25,522.25,517.25,519.25,55907
WC,141022,522.00,522.50,522.00,522.25,55907
WC,141023,527.00,527.50,524.00,526.75,51409
WC,141024,519.00,519.00,517.50,517.75,57243
WC,141027,521.50,523.00,521.50,522.75,57243
WC,141028,527.25,532.00,527.00,530.75,50296
WC,141029,538.25,540.00,537.50,538.25,45827
WC,141030,535.50,536.25,535.50,536.00,53290
WC,141031,524.25,532.50,522.50,532.50,60413
WC,141103,538.00,538.25,532.50,538.25,60413
WC,141104,532.75,532.75,530.25,530.50,48408
WC,141105,524.75,525.25,523.50,524.75,61576
WC,141106,520.50,524.75,520.25,520.25,61576
WC,141107,514.00,514.50,514.00,514.50,64780
WC,141110,518.00,518.25,516.00,517.25,87728
WC,141111,515.00,525.25,515.00,525.25,95070
WC,141112,545.00,545.00,541.50,542.75,138060
WC,141113,542.75,553.75,542.75,553.75,138060
WC,141114,560.50,560.75,553.75,560.50,111919
WC,141117,552.50,560.50,551.75,551.75,63504
WC,141118,550.50,551.00,550.50,551.00,40530
WC,141119,551.00,551.00,541.00,541.00,54799
WC,141120,552.50,553.00,541.00,552.50,59988
WC,141121,551.00,556.00,551.00,553.50,60972
WC,141124,549.00,550.00,548.50,549.50,60972
WC,141125,549.50,557.75,549.50,557.75,58768
WC,141126,561.50,562.75,553.50,562.75,53883
WC,141127,562.75,562.75,562.75,562.75,0
WC,141128,573.00,580.00,572.75,578.50,68864
WC,141201,583.00,608.00,583.00,606.75,91685
WC,141202,602.25,603.25,602.25,603.25,93598
WC,141203,590.00,590.00,588.50,589.50,93598
WC,141204,589.50,589.75,589.50,589.75,64404
WC,141205,594.00,595.50,594.00,594.00,61220
WC,141208,602.75,602.75,595.50,598.00,56499
WC,141209,587.00,587.00,585.75,585.75,59312
WC,141210,585.75,585.75,581.75,581.75,59312
WC,141211,595.50,597.50,595.50,597.50,76314
WC,141212,605.00,606.50,597.50,606.50,76314
WC,141215,619.00,619.00,619.00,619.00,72039
WC,141216,623.00,623.25,619.00,623.25,93302
WC,141217,629.75,649.00,629.75,648.50,103230
WC,141218,656.50,656.50,653.50,655.25,103230
WC,141219,631.50,633.50,631.50,632.25,102121
WC,141222,638.75,639.00,625.75,625.75,68685
WC,141223,632.50,635.75,632.25,635.50,53792
WC,141224,615.50,615.50,611.00,611.50,38221
WC,141225,611.50,611.50,611.50,611.50,0
WC,141226,612.00,612.00,609.50,610.75,38221
WC,141229,610.25,615.50,610.25,615.50,29593
WC,141230,603.50,603.50,601.00,602.00,34044
WC,141231,591.00,591.00,588.50,589.75,37572
WC,150101,589.75,589.75,589.75,589.75,0
WC,150102,585.25,585.25,580.00,581.25,38997
WC,150105,592.00,592.00,589.00,589.00,45078
WC,150106,587.50,591.75,587.50,591.75,52463
WC,150107,581.00,581.00,579.50,579.50,52463
WC,150108,571.50,571.50,566.00,567.00,49560
WC,150109,570.75,573.50,563.75,563.75,54780
WC,150112,565.00,565.00,555.50,555.50,74233
WC,150113,559.25,559.25,548.00,548.00,74233
WC,150114,538.00,538.75,537.00,537.75,66809
WC,150115,533.25,537.75,532.75,532.75,66809
WC,150116,532.00,532.75,532.00,532.75,59519
WC,150119,532.75,532.75,532.75,532.75,0
WC,150120,536.00,537.00,532.75,537.00,62926
WC,150121,542.50,542.50,536.00,536.75,62926
WC,150122,536.00,564.25,533.75,533.75,50807
WC,150123,535.00,535.25,530.00,530.00,57432
WC,150126,526.25,526.25,519.50,520.50,57432
WC,150127,524.00,524.00,518.75,519.00,52607
WC,150128,513.75,513.75,505.25,505.25,78409
WC,150129,509.50,509.50,507.75,507.75,78409
WC,150130,502.00,507.75,502.00,502.75,76823
WC,150202,496.50,496.50,492.25,492.75,67223
WC,150203,511.75,513.75,511.75,513.75,71013
WC,150204,512.00,512.00,511.00,511.00,71013
WC,150205,520.00,526.50,520.00,525.75,84138
WC,150206,519.75,527.75,519.75,527.00,85342
WC,150209,529.00,529.75,527.00,529.75,85342
WC,150210,525.00,525.00,521.00,521.75,86985
WC,150211,521.50,526.75,520.75,525.75,96606
WC,150212,525.75,525.75,521.25,521.25,96606
WC,150213,521.25,533.00,521.25,533.00,92568
WC,150216,533.00,533.00,533.00,533.00,0
WC,150217,536.00,536.00,533.00,534.75,85848
WC,150218,525.50,528.00,525.00,527.75,63119
WC,150219,536.75,536.75,527.75,527.75,63119
WC,150220,511.25,511.25,507.00,507.00,75767
WC,150223,508.75,508.75,503.50,504.00,75767
WC,150224,507.25,507.25,503.50,503.75,66912
WC,150225,497.50,498.00,497.25,497.25,56254
WC,150226,498.25,501.00,498.25,500.50,61630
WC,150227,513.00,513.00,512.00,513.00,67257
WC,150302,500.25,500.75,499.75,500.00,67257
WC,150303,500.00,506.00,500.00,506.00,57834
WC,150304,496.00,496.00,496.00,496.00,94618
WC,150305,481.50,481.50,480.50,480.50,94618
WC,150306,482.25,483.00,480.50,482.50,87945
WC,150309,490.50,490.50,490.00,490.00,65181
WC,150310,493.00,494.00,493.00,493.25,56022
WC,150311,497.25,500.00,497.25,499.00,53452
WC,150312,507.00,507.25,499.00,507.25,70579
WC,150313,501.00,507.25,501.00,502.00,70579
WC,150316,514.50,515.00,502.00,514.00,59482
WC,150317,504.00,514.00,503.50,503.50,59482
WC,150318,511.00,512.00,510.75,510.75,51560
WC,150319,512.00,512.50,510.75,512.00,55533
WC,150320,530.00,530.50,512.00,530.00,70791
WC,150323,534.50,534.50,530.00,534.00,70791
WC,150324,523.50,534.00,523.25,523.50,58101
WC,150325,520.50,520.50,519.00,519.00,57560
WC,150326,499.00,499.50,499.00,499.25,84097
WC,150327,504.50,509.00,504.50,507.75,84097
WC,150330,530.00,531.00,530.00,530.25,88442
WC,150331,527.00,527.00,511.50,511.75,103920
WC,150401,529.00,529.00,528.00,528.50,103920
WC,150402,533.50,536.25,528.50,536.25,83997
WC,150403,536.25,536.25,536.25,536.25,0
WC,150406,528.50,528.50,527.75,527.75,53328
WC,150407,526.00,527.75,526.00,526.00,81410
WC,150408,526.75,526.75,526.25,526.25,91366
WC,150409,519.00,526.25,518.75,518.75,92579
WC,150410,526.00,526.50,518.75,526.50,97676
WC,150413,502.25,526.50,501.50,502.25,105802
WC,150414,502.25,502.25,497.00,497.00,105802
WC,150415,496.50,496.50,489.00,489.00,92120
WC,150416,490.75,491.00,490.50,490.75,81458
WC,150417,488.75,490.75,488.00,489.25,81458
WC,150420,489.25,498.25,489.25,498.25,76522
WC,150421,501.00,503.50,499.00,500.25,77070
WC,150422,500.25,500.25,499.00,499.00,77070
WC,150423,502.50,504.50,501.25,501.25,58372
WC,150424,491.75,491.75,488.50,488.50,67960
WC,150427,486.75,486.75,473.00,473.25,79261
WC,150428,468.50,476.50,468.50,476.25,91270
WC,150429,484.00,484.00,483.50,483.50,91270
WC,150430,473.50,474.00,473.25,474.00,75114
WC,150501,474.00,474.00,473.50,474.00,75114
WC,150504,473.00,474.00,472.75,472.75,49721
WC,150505,466.50,472.75,466.50,466.50,52989
WC,150506,466.50,479.25,466.50,479.25,74679
WC,150507,473.00,473.00,472.75,472.75,74679
WC,150508,476.00,482.00,476.00,481.50,59418
WC,150511,481.50,481.50,481.00,481.00,50515
WC,150512,481.00,481.00,480.50,480.50,104183
WC,150513,486.00,486.00,481.50,481.50,104183
WC,150514,501.50,515.00,501.50,514.25,147584
WC,150515,510.50,514.25,509.75,511.00,147584
WC,150518,526.50,528.50,521.75,521.75,96766
WC,150519,513.00,513.00,507.25,510.25,89702
WC,150520,506.00,513.50,506.00,513.00,84320
WC,150521,517.50,522.00,517.50,522.00,91976
WC,150522,514.50,516.00,514.50,515.25,91976
WC,150525,515.25,515.25,515.25,515.25,0
WC,150526,506.75,506.75,492.75,493.50,102712
WC,150527,487.50,493.50,487.50,487.75,103568
WC,150528,488.75,488.75,486.50,488.75,103568
WC,150529,476.00,478.00,476.00,477.00,81444
WC,150601,495.00,495.00,493.25,493.75,90078
WC,150602,497.75,512.50,497.75,512.50,96582
WC,150603,518.25,518.25,509.00,510.75,116592
WC,150604,513.00,523.75,513.00,523.75,116592
WC,150605,518.00,523.75,517.00,517.00,145062
WC,150608,517.00,528.00,517.00,528.00,145062
WC,150609,532.50,532.50,528.00,532.25,113552
WC,150610,536.50,536.50,512.50,513.50,154342
WC,150611,503.00,504.25,502.50,504.25,154342
WC,150612,503.00,503.75,503.00,503.75,96999
WC,150615,489.50,489.50,488.50,489.25,85937
WC,150616,489.75,489.75,488.50,488.75,85937
WC,150617,493.75,493.75,491.25,491.25,70462
WC,150618,488.00,488.00,488.00,488.00,70462
WC,150619,493.25,493.25,492.50,492.50,63604
WC,150622,492.50,506.00,492.50,506.00,63604
WC,150623,509.00,527.00,509.00,527.00,83987
WC,150624,523.00,527.00,521.00,523.25,83987
WC,150625,533.00,539.00,533.00,538.00,82354
WC,150626,566.00,568.00,538.00,568.00,176120
WC,150629,582.00,583.50,568.00,583.50,176120
WC,150630,616.00,618.00,583.50,615.75,152061
WC,150701,580.00,588.50,580.00,588.50,150145
WC,150702,591.00,591.00,588.00,590.50,131618
WC,150703,590.50,590.50,590.50,590.50,0
WC,150706,590.50,595.50,590.50,595.50,96341
WC,150707,595.50,595.50,585.25,585.25,96341
WC,150708,585.25,585.25,577.50,577.50,88994
WC,150709,577.50,578.00,577.50,578.00,64575
WC,150710,578.00,578.00,576.00,576.00,82840
WC,150713,576.00,576.00,575.75,575.75,82840
WC,150714,575.75,575.75,571.00,571.00,63921
WC,150715,571.00,571.00,566.75,566.75,73106
WC,150716,566.75,566.75,562.25,562.25,73106
WC,150717,562.25,562.25,554.00,554.00,66022
WC,150720,554.00,554.00,532.75,532.75,66022
WC,150721,532.75,532.75,524.75,524.75,71225
WC,150722,524.75,524.75,516.75,516.75,71935
WC,150723,516.75,521.50,516.75,521.50,71935
WC,150724,521.50,521.50,511.75,511.75,55254
WC,150727,511.75,511.75,502.50,502.50,61326
WC,150728,502.50,510.75,502.50,510.75,78774
WC,150729,510.75,510.75,496.25,496.25,78774
WC,150730,496.25,496.50,496.25,496.50,69188
WC,150731,496.50,499.25,496.50,499.25,69188
WC,150803,499.25,499.25,499.00,499.00,64474
WC,150804,499.00,499.00,493.50,493.50,63486
WC,150805,493.50,502.00,493.50,502.00,67497
WC,150806,502.00,507.00,502.00,507.00,89887
WC,150807,507.00,510.50,507.00,510.50,89887
WC,150810,510.50,525.50,510.50,525.50,89220
WC,150811,525.50,525.50,507.25,507.25,95677
WC,150812,507.25,507.25,492.25,492.25,103263
WC,150813,492.25,503.25,492.25,503.25,103263
WC,150814,503.25,506.50,503.25,506.50,71663
WC,150817,511.75,511.75,504.50,504.50,52354
WC,150818,504.50,504.50,498.75,498.75,54986
WC,150819,498.75,500.00,498.75,500.00,61932
WC,150820,500.00,511.25,500.00,511.25,65085
WC,150821,511.25,511.25,504.00,504.00,65085
WC,150824,504.00,508.00,504.00,508.00,83197
WC,150825,508.00,508.00,499.50,499.50,83197
WC,150826,499.50,499.50,494.25,494.25,91360
WC,150827,494.25,494.25,489.75,489.75,114153
WC,150828,489.75,489.75,483.75,483.75,114153
WC,150831,483.75,485.00,483.75,485.00,76471
WC,150901,485.00,486.25,485.00,486.25,73628
WC,150902,486.25,486.25,479.00,479.00,78632
WC,150903,479.00,479.00,465.25,465.25,87277
WC,150904,465.25,467.75,465.25,467.75,87277
WC,150907,457.75,457.75,457.75,457.75,0
WC,150908,467.75,475.00,467.75,475.00,53342
WC,150909,475.00,475.00,472.25,472.25,57830
WC,150910,472.25,478.00,472.25,478.00,57830
WC,150911,478.00,485.00,478.00,485.00,75842
WC,150914,485.00,501.25,485.00,501.25,80355
WC,150915,501.25,501.25,494.75,494.75,80355
WC,150916,494.75,494.75,488.25,488.25,58317
WC,150917,488.25,488.25,481.50,481.50,57613
WC,150918,481.50,486.75,481.50,486.75,44517
WC,150921,486.75,496.75,486.75,496.75,67083
WC,150922,496.75,496.75,495.50,495.50,67083
WC,150923,495.50,507.50,495.50,507.50,76320
WC,150924,507.50,507.50,497.25,497.25,76320
WC,150925,497.25,507.75,497.25,507.75,59650
WC,150928,507.75,507.75,505.50,505.50,67309
WC,150929,505.50,505.50,503.75,503.75,67309
WC,150930,503.75,512.75,503.75,512.75,103544
WC,151001,512.75,518.25,512.75,518.25,103544
WC,151002,518.25,518.25,513.25,513.25,95783
WC,151005,513.25,515.50,513.25,515.50,62642
WC,151006,515.50,526.25,515.50,526.25,68615
WC,151007,526.25,526.25,516.75,516.75,68717
WC,151008,516.75,516.75,511.50,511.50,68794
WC,151009,511.50,511.50,509.25,509.25,80570
WC,151012,509.25,509.25,506.75,506.75,80570
WC,151013,506.75,519.00,506.75,519.00,68044
WC,151014,519.00,519.00,508.25,508.25,68044
WC,151015,508.25,508.25,502.50,502.50,56488
WC,151016,502.50,502.50,492.25,492.25,91068
WC,151019,492.25,492.25,485.75,485.75,91068
WC,151020,485.75,491.25,485.75,491.25,71086
WC,151021,491.25,494.75,491.25,494.75,46451
WC,151022,494.75,494.75,490.75,490.75,50127
WC,151023,490.75,490.75,490.50,490.50,71235
WC,151026,490.50,509.00,490.50,509.00,108092
WC,151027,509.00,509.25,509.00,509.25,108092
WC,151028,509.25,509.25,506.00,506.00,82173
WC,151029,506.00,515.00,506.00,515.00,94994
WC,151030,515.00,522.00,515.00,522.00,94994
WC,151102,522.00,522.00,508.00,508.00,70898
WC,151103,508.00,516.50,508.00,516.50,70898
WC,151104,516.50,526.25,516.50,526.25,112473
WC,151105,526.25,526.25,526.25,526.25,115823
WC,151106,526.25,526.25,523.25,523.25,115823
WC,151109,523.25,523.25,501.75,501.75,131560
WC,151110,501.75,501.75,490.75,490.75,133293
WC,151111,490.75,494.75,490.75,494.75,133293
WC,151112,494.75,498.00,494.75,498.00,87359
WC,151113,498.00,498.00,495.75,495.75,87359
WC,151116,495.75,495.75,494.00,494.00,50136
WC,151117,495.50,495.50,487.00,487.00,78954
WC,151118,487.00,487.00,485.00,485.00,78954
WC,151119,485.00,492.25,485.00,492.25,58602
WC,151120,492.25,492.25,490.00,490.00,58071
WC,151123,490.00,497.75,490.00,497.75,76804
WC,151124,497.75,497.75,488.50,488.50,76804
WC,151125,488.50,488.50,487.50,487.50,72885
WC,151126,479.25,479.25,479.25,479.25,0
WC,151127,487.50,487.50,479.00,479.00,69745
WC,151130,479.00,479.00,475.50,475.50,100414
WC,151201,475.50,475.50,471.50,471.50,100414
WC,151202,471.50,471.50,467.25,467.25,70396
WC,151203,467.25,478.75,467.25,478.75,75682
WC,151204,478.75,484.50,478.75,484.50,75682
WC,151207,484.50,484.50,482.75,482.75,78087
WC,151208,482.75,482.75,481.50,481.50,78087
WC,151209,481.50,489.75,481.50,489.75,56275
WC,151210,489.75,495.50,489.75,495.50,56275
WC,151211,495.50,495.50,490.50,490.50,55281
WC,151214,490.50,493.50,490.50,493.50,46576
WC,151215,493.50,494.25,493.50,494.25,50977
WC,151216,494.25,494.25,483.50,483.50,56697
WC,151217,483.50,484.00,483.50,484.00,72702
WC,151218,484.00,486.75,484.00,486.75,72904
WC,151221,486.75,486.75,479.00,479.00,72904
WC,151222,479.00,479.00,471.75,471.75,45649
WC,151223,471.75,471.75,469.50,469.50,45031
WC,151224,469.50,469.50,467.50,467.50,41185
WC,151225,467.50,467.50,467.50,467.50,0
WC,151228,467.50,467.50,466.50,466.50,30601
WC,151229,466.50,475.75,466.50,475.75,36636
WC,151230,475.75,475.75,469.75,469.75,41223
WC,151231,469.75,470.00,469.75,470.00,41223
WC,160101,470.00,470.00,470.00,470.00,0
WC,160104,470.00,470.00,458.25,458.25,79124
WC,160105,458.25,461.25,458.25,461.25,79124
WC,160106,461.25,462.75,461.25,462.75,52297
WC,160107,462.75,468.50,462.75,468.50,65716
WC,160108,468.50,478.50,468.50,478.50,86311
WC,160111,478.50,478.50,469.00,469.00,86311
WC,160112,469.00,481.25,469.00,481.25,111042
WC,160113,481.25,481.25,478.00,478.00,111042
WC,160114,478.00,478.00,468.75,468.75,63921
WC,160115,468.75,473.75,468.75,473.75,61410
WC,160118,473.75,473.75,473.75,473.75,0
WC,160119,473.75,474.50,473.75,474.50,53537
WC,160120,474.50,474.50,471.50,471.50,57335
WC,160121,471.50,475.00,471.50,475.00,66429
WC,160122,475.00,475.50,475.00,475.50,66429
WC,160125,475.50,481.50,475.50,481.50,69027
WC,160126,481.50,484.75,481.50,484.75,70110
WC,160127,484.75,484.75,476.50,476.50,76816
WC,160128,476.50,476.50,472.25,472.25,76816
WC,160129,472.25,479.25,472.25,479.25,63054
WC,160201,479.25,479.25,475.25,475.25,63054
WC,160202,475.25,475.25,475.25,475.25,81869
WC,160203,475.25,480.00,475.25,480.00,81869
WC,160204,480.00,480.00,472.75,472.75,82202
WC,160205,472.75,472.75,466.75,466.75,124187
WC,160208,466.75,466.75,458.50,458.50,124187
WC,160209,458.50,458.50,457.50,457.50,106709
WC,160210,457.50,461.25,457.50,461.25,98224
WC,160211,461.25,461.25,458.25,458.25,105497
WC,160212,458.25,458.25,457.50,457.50,105497
WC,160215,457.50,457.50,457.50,457.50,0
WC,160216,457.50,464.25,457.50,464.25,78290
WC,160217,464.25,468.50,464.25,468.50,78290
WC,160218,468.50,468.50,462.25,462.25,84535
WC,160219,462.25,462.25,461.75,461.75,84535
WC,160222,466.75,466.75,464.00,464.00,66052
WC,160223,464.00,464.00,455.75,455.75,92246
WC,160224,455.75,455.75,451.25,451.25,94442
WC,160225,451.25,454.00,451.25,454.00,94442
WC,160226,454.00,454.00,452.25,452.25,66911
WC,160229,452.25,453.25,452.25,453.25,66911
WC,160301,453.25,453.25,446.00,446.00,60724
WC,160302,446.00,450.25,446.00,450.25,60724
WC,160303,450.25,459.75,450.25,459.75,86751
WC,160304,459.75,460.75,459.75,460.75,86751
WC,160307,460.75,462.75,460.75,462.75,66558
WC,160308,462.75,465.25,462.75,465.25,58991
WC,160309,465.25,468.25,465.25,468.25,57585
WC,160310,468.25,477.00,468.25,477.00,78320
WC,160311,477.00,477.00,475.75,475.75,78320
WC,160314,475.75,478.75,475.75,478.75,57239
WC,160315,478.75,478.75,477.25,477.25,44445
WC,160316,477.25,477.25,470.75,470.75,40065
WC,160317,470.75,470.75,462.50,462.50,86914
WC,160318,462.50,463.00,462.50,463.00,86914
WC,160321,463.00,466.50,463.00,466.50,59600
WC,160322,466.50,466.75,466.50,466.75,59600
WC,160323,466.75,466.75,463.00,463.00,47966
WC,160324,463.00,463.00,463.00,463.00,39232
WC,160325,463.00,463.00,463.00,463.00,0
WC,160328,463.00,471.00,463.00,471.00,63256
WC,160329,471.00,476.75,471.00,476.75,63256
WC,160330,476.75,476.75,464.00,464.00,76784
WC,160331,464.00,473.50,464.00,473.50,114421
WC,160401,473.50,475.75,473.50,475.75,114421
WC,160404,475.75,475.75,474.75,474.75,59592
WC,160405,474.75,474.75,474.00,474.00,52802
WC,160406,474.00,474.00,463.00,463.00,77657
WC,160407,463.00,463.00,457.00,457.00,77657
WC,160408,457.00,460.25,457.00,460.25,82236
WC,160411,460.25,460.25,447.25,447.25,103496
WC,160412,447.25,452.50,447.25,452.50,103496
WC,160413,452.50,461.50,452.50,461.50,111478
WC,160414,461.50,461.50,459.75,459.75,111478
WC,160415,459.75,459.75,459.75,459.75,90505
WC,160418,467.50,481.00,467.50,481.00,102524
WC,160419,481.00,494.25,481.00,494.25,102531
WC,160420,494.25,512.25,494.25,512.25,112621
WC,160421,512.25,512.25,503.50,503.50,148402
WC,160422,503.50,503.50,474.00,474.00,155005
WC,160425,474.00,477.75,474.00,477.75,155005
WC,160426,477.75,487.75,477.75,487.75,106996
WC,160427,487.75,487.75,483.50,483.50,89216
WC,160428,483.50,485.50,483.50,485.50,86055
WC,160429,485.50,488.50,485.50,488.50,86055
WC,160502,488.50,488.50,487.75,487.75,72813
WC,160503,487.75,487.75,470.75,470.75,118094
WC,160504,470.75,471.25,470.75,471.25,118094
WC,160505,471.25,471.25,463.25,463.25,74916
WC,160506,463.25,463.75,463.25,463.75,74916
WC,160509,463.75,463.75,456.50,456.50,68615
WC,160510,456.50,461.25,456.50,461.25,91428
WC,160511,461.25,461.25,459.00,459.00,91428
WC,160512,459.00,468.00,459.00,468.00,66191
WC,160513,468.00,474.75,468.00,474.75,76197
WC,160516,474.75,474.75,474.75,474.75,76197
WC,160517,474.75,481.75,474.75,481.75,74128
WC,160518,481.75,481.75,480.00,480.00,74128
WC,160519,480.00,480.00,468.75,468.75,89560
WC,160520,468.75,468.75,467.75,467.75,89560
WC,160523,467.75,467.75,462.00,462.00,62463
WC,160524,462.00,464.00,462.00,464.00,67393
WC,160525,464.00,466.00,464.00,466.00,67393
WC,160526,466.00,481.25,466.00,481.25,100179
WC,160527,481.25,481.50,481.25,481.50,100179
WC,160530,481.50,481.50,481.50,481.50,0
WC,160531,481.50,481.50,464.50,464.50,99987
WC,160601,464.50,473.75,464.50,473.75,99987
WC,160602,473.75,485.50,473.75,485.50,92411
WC,160603,485.50,497.25,485.50,497.25,113652
WC,160606,497.25,507.50,497.25,507.50,116771
WC,160607,507.50,509.00,507.50,509.00,116771
WC,160608,509.00,519.50,509.00,519.50,138771
WC,160609,519.50,519.50,510.25,510.25,138771
WC,160610,510.25,510.25,495.00,495.00,127494
WC,160613,495.00,495.00,491.25,491.25,127494
WC,160614,491.25,491.25,485.00,485.00,107395
WC,160615,485.00,485.00,477.50,477.50,105522
WC,160616,477.50,477.50,472.50,472.50,74692
WC,160617,472.50,481.25,472.50,481.25,67811
WC,160620,481.25,481.25,473.00,473.00,62549
WC,160621,473.00,473.00,458.50,458.50,65922
WC,160622,458.50,458.75,458.50,458.75,65922
WC,160623,472.25,472.25,465.75,465.75,61271
WC,160624,465.75,465.75,465.00,465.00,84548
WC,160627,465.00,465.00,458.25,458.25,84548
WC,160628,458.25,458.25,457.25,457.25,66423
WC,160629,457.25,457.25,444.50,444.50,88023
WC,160630,444.50,445.50,444.50,445.50,112073
WC,160701,445.50,445.50,430.25,430.25,112073
WC,160704,416.25,416.25,416.25,416.25,0
WC,160705,430.25,433.50,430.25,433.50,85531
WC,160706,433.50,433.50,428.50,428.50,81232
WC,160707,428.50,428.50,425.50,425.50,70740
WC,160708,425.50,435.00,425.50,435.00,74229
WC,160711,435.00,435.00,430.50,430.50,74229
WC,160712,430.50,438.50,430.50,438.50,77329
WC,160713,438.50,439.75,438.50,439.75,78670
WC,160714,439.75,439.75,434.00,434.00,78670
WC,160715,434.00,434.00,424.75,424.75,76867
WC,160718,424.75,429.50,424.75,429.50,76867
WC,160719,429.50,429.50,418.00,418.00,62265
WC,160720,418.00,418.00,413.00,413.00,78390
WC,160721,413.00,417.75,413.00,417.75,78390
WC,160722,417.75,425.25,417.75,425.25,82418
WC,160725,425.25,429.00,425.25,429.00,89270
WC,160726,429.00,429.00,415.00,415.00,89270
WC,160727,415.00,415.00,414.75,414.75,64182
WC,160728,414.75,414.75,410.25,410.25,56838
WC,160729,410.25,410.25,407.75,407.75,61173
WC,160801,407.75,407.75,406.00,406.00,68357
WC,160802,406.00,406.00,401.25,401.25,68357
WC,160803,401.25,410.25,401.25,410.25,66098
WC,160804,410.25,410.25,403.25,403.25,66098
WC,160805,403.25,416.00,403.25,416.00,114185
WC,160808,416.00,417.00,416.00,417.00,129025
WC,160809,417.00,417.00,417.00,417.00,129025
WC,160810,417.00,421.75,417.00,421.75,90634
WC,160811,421.75,421.75,416.25,416.25,98818
WC,160812,416.25,422.50,416.25,422.50,98818
WC,160815,422.50,422.50,422.00,422.00,82009
WC,160816,422.00,423.50,422.00,423.50,82009
WC,160817,423.50,426.00,423.50,426.00,69172
WC,160818,443.00,444.25,443.00,444.25,57941
WC,160819,444.25,444.75,444.25,444.75,58565
WC,160822,444.75,444.75,435.25,435.25,77188
WC,160823,435.25,435.25,427.50,427.50,77188
WC,160824,427.50,427.50,426.25,426.25,74497
WC,160825,426.25,426.25,423.75,423.75,54496
WC,160826,423.75,423.75,407.50,407.50,100794
WC,160829,407.50,407.50,397.00,397.00,100794
WC,160830,397.00,397.00,392.25,392.25,94812
WC,160831,392.25,392.25,388.25,388.25,94812
WC,160901,388.25,394.75,388.25,394.75,70911
WC,160902,394.75,399.25,394.75,399.25,63440
WC,160905,399.25,399.25,399.25,399.25,0
WC,160906,399.25,399.25,398.50,398.50,46077
WC,160907,398.50,402.75,398.50,402.75,48770
WC,160908,402.75,406.00,402.75,406.00,48770
WC,160909,406.00,406.00,403.50,403.50,49098
WC,160912,403.50,409.25,403.50,409.25,73526
WC,160913,409.25,409.25,401.00,401.00,73526
WC,160914,401.00,403.00,401.00,403.00,57171
WC,160915,403.00,403.00,399.50,399.50,57171
WC,160916,399.50,403.25,399.50,403.25,49762
WC,160919,403.25,404.00,403.25,404.00,49762
WC,160920,404.00,406.00,404.00,406.00,45558
WC,160921,406.00,407.75,406.00,407.75,43011
WC,160922,407.75,407.75,405.50,405.50,41465
WC,160923,405.50,405.50,404.75,404.75,44340
WC,160926,404.75,404.75,396.00,396.00,55425
WC,160927,396.00,404.00,396.00,404.00,60932
WC,160928,404.00,404.00,403.25,403.25,60932
WC,160929,403.25,403.25,399.00,399.00,47733
WC,160930,399.00,402.00,399.00,402.00,90561
WC,161003,402.00,402.00,395.50,395.50,90561
WC,161004,395.50,395.50,395.50,395.50,73010
WC,161005,395.50,405.00,395.50,405.00,82177
WC,161006,405.00,405.00,395.75,395.75,82996
WC,161007,395.75,395.75,394.75,394.75,82996
WC,161010,394.75,403.75,394.75,403.75,67155
WC,161011,403.75,407.25,403.75,407.25,69906
WC,161012,407.25,407.25,396.75,396.75,96067
WC,161013,396.75,416.00,396.75,416.00,108555
WC,161014,416.00,421.00,416.00,421.00,108555
WC,161017,421.00,423.75,421.00,423.75,105412
WC,161018,423.75,423.75,420.00,420.00,68644
WC,161019,420.00,420.25,420.00,420.25,61517
WC,161020,420.25,420.25,417.00,417.00,61517
WC,161021,417.00,417.00,414.50,414.50,49984
WC,161024,414.50,414.50,402.50,402.50,82892
WC,161025,402.50,404.25,402.50,404.25,82892
WC,161026,404.25,411.50,404.25,411.50,71491
WC,161027,411.50,414.50,411.50,414.50,71491
WC,161028,414.50,414.50,408.50,408.50,62056
WC,161031,408.50,416.25,408.50,416.25,69456
WC,161101,416.25,416.25,414.25,414.25,76666
WC,161102,414.25,417.75,414.25,417.75,77145
WC,161103,417.75,417.75,412.00,412.00,77145
WC,161104,412.00,414.25,412.00,414.25,70194
WC,161107,414.25,414.25,410.00,410.00,79192
WC,161108,410.00,415.25,410.00,415.25,132281
WC,161109,415.25,415.25,406.75,406.75,132281
WC,161110,406.75,406.75,404.75,404.75,131826
WC,161111,404.75,404.75,403.00,403.00,105341
WC,161114,403.00,403.00,394.00,394.00,82170
WC,161115,394.00,399.00,394.00,399.00,80273
WC,161116,399.00,399.00,397.00,397.00,73260
WC,161117,397.00,403.00,397.00,403.00,70180
WC,161118,403.00,408.00,403.00,408.00,60284
WC,161121,425.25,427.00,425.25,427.00,60851
WC,161122,427.00,427.25,427.00,427.25,72177
WC,161123,427.25,427.25,423.75,423.75,82053
WC,161124,401.50,401.50,401.50,401.50,0
WC,161125,423.75,423.75,419.50,419.50,82053
WC,161128,419.50,419.50,416.50,416.50,101932
WC,161129,416.50,416.50,408.75,408.75,101932
WC,161130,408.75,408.75,402.75,402.75,95009
WC,161201,402.75,402.75,395.50,395.50,92163
WC,161202,395.50,404.25,395.50,404.25,92163
WC,161205,404.25,408.25,404.25,408.25,61792
WC,161206,408.25,408.25,406.75,406.75,61792
WC,161207,406.75,406.75,401.00,401.00,52027
WC,161208,401.00,408.25,401.00,408.25,70142
WC,161209,408.25,416.25,408.25,416.25,70142
WC,161212,416.25,417.25,416.25,417.25,63194
WC,161213,417.25,417.50,417.25,417.50,54868
WC,161214,417.50,418.00,417.50,418.00,50391
WC,161215,418.00,418.00,409.25,409.25,61058
WC,161216,409.25,409.25,409.25,409.25,61058
WC,161219,409.25,409.25,405.00,405.00,52115
WC,161220,405.00,405.00,403.25,403.25,52115
WC,161221,403.25,403.25,399.50,399.50,35449
WC,161222,399.50,399.50,397.00,397.00,37047
WC,161223,397.00,397.00,393.50,393.50,37047
WC,161226,393.50,393.50,393.50,393.50,0
WC,161227,393.50,409.50,393.50,409.50,67774
WC,161228,409.50,409.50,401.50,401.50,67774
WC,161229,401.50,404.75,401.50,404.75,43964
WC,161230,404.75,408.00,404.75,408.00,33934

WC,170102,408.00,408.00,408.00,408.00,0
WC,170103,408.00,408.00,406.50,406.50,65585
WC,170104,406.50,418.50,406.50,418.50,65585
WC,170105,418.50,426.25,418.50,426.25,86772
WC,170106,426.25,426.25,423.25,423.25,86772
WC,170109,423.25,427.25,423.25,427.25,69623
WC,170110,427.25,427.25,426.75,426.75,69623
WC,170111,426.75,426.75,418.75,418.75,109829
WC,170112,418.75,426.25,418.75,426.25,133095
WC,170113,426.25,426.25,426.00,426.00,133095
WC,170116,426.00,426.00,426.00,426.00,0
WC,170117,426.00,433.50,426.00,433.50,107763
WC,170118,433.50,433.50,431.00,431.00,107763
WC,170119,431.00,431.00,423.50,423.50,67785
WC,170120,423.50,428.25,423.50,428.25,64375
WC,170123,428.25,433.25,428.25,433.25,56203
WC,170124,433.25,433.25,426.75,426.75,57334
WC,170125,426.75,426.75,424.50,424.50,57334
WC,170126,424.50,427.00,424.50,427.00,59387
WC,170127,427.00,427.00,420.50,420.50,64696
WC,170130,420.50,420.50,414.00,414.00,64696
WC,170131,414.00,420.75,414.00,420.75,60231
WC,170201,420.75,433.75,420.75,433.75,102491
WC,170202,433.75,434.50,433.75,434.50,102491
WC,170203,434.50,434.50,430.25,430.25,73989
WC,170206,430.25,430.25,422.50,422.50,61389
WC,170207,422.50,430.75,422.50,430.75,106310
WC,170208,430.75,432.50,430.75,432.50,106310
WC,170209,432.50,443.50,432.50,443.50,150249
WC,170210,443.50,449.00,443.50,449.00,150249
WC,170213,447.80,452.00,447.80,452.00,261567
WC,170214,452.30,452.30,449.50,449.50,119108
WC,170215,449.50,454.80,449.50,454.80,63197
WC,170216,454.75,454.75,447.75,447.75,0
WC,170217,447.75,447.75,441.00,441.00,0
WC,170221,441.00,441.00,436.00,436.00,0
WC,170222,449.75,456.00,449.75,456.00,0
WC,170223,456.00,456.00,453.50,453.50,0
WC,170224,453.50,453.50,448.00,448.00,0
WC,170227,448.00,448.00,438.75,438.75,0
WC,170228,438.75,443.75,438.75,443.75,0
WC,170301,443.75,457.00,443.75,457.00,0
WC,170302,457.00,457.00,452.75,452.75,0
WC,170303,452.75,453.50,452.75,453.50,0
WC,170306,453.50,458.50,453.50,458.50,0
WC,170307,458.50,458.50,456.50,456.50,0
WC,170308,456.50,456.50,447.00,447.00,0
WC,170309,447.00,447.00,444.00,444.00,0
WC,170310,444.00,444.00,440.50,440.50,0
WC,170313,440.50,440.50,430.50,430.50,0
WC,170314,430.50,430.50,430.50,430.50,0
WC,170315,430.50,436.00,430.50,436.00,0
WC,170316,436.00,436.00,436.00,436.00,0
WC,170317,436.00,436.25,436.00,436.25,0
WC,170320,436.25,436.25,430.25,430.25,0
WC,170321,430.25,430.25,426.50,426.50,0
WC,170322,426.50,426.50,422.25,422.25,0
WC,170323,422.25,422.25,421.00,421.00,0
WC,170324,421.00,424.75,421.00,424.75,0
WC,170327,424.75,424.75,420.75,420.75,0
WC,170328,420.75,424.50,420.75,424.50,0
WC,170329,424.50,425.50,424.50,425.50,0
WC,170330,425.50,425.50,421.00,421.00,0
WC,170331,421.00,426.50,421.00,426.50,0
WC,170403,426.50,427.75,426.50,427.75,0
WC,170404,427.75,427.75,427.00,427.00,0
WC,170405,427.00,429.75,427.00,429.75,0
WC,170407,423.25,424.00,423.25,424.00,0
WC,170410,424.00,428.75,424.00,428.75,0
WC,170411,428.75,433.25,428.75,433.25,0
WC,170412,433.25,433.25,433.25,433.25,0
WC,170413,433.25,433.25,429.75,429.75,0
WC,170417,429.75,429.75,421.00,421.00,0
WC,170418,421.00,422.50,421.00,422.50,0
WC,170419,422.50,422.50,419.00,419.00,0
WC,170420,434.50,434.50,421.75,421.75,0
WC,170421,421.75,421.75,421.00,421.00,0
WC,170424,421.00,421.00,419.25,419.25,0
WC,170425,419.25,427.00,419.25,427.00,0
WC,170426,427.00,427.00,426.50,426.50,0
WC,170427,426.50,431.25,426.50,431.25,0
WC,170428,431.25,432.25,431.25,432.25,0
WC,170501,432.25,456.00,432.25,456.00,0
WC,170502,456.00,456.00,454.00,454.00,0
WC,170503,454.00,454.00,454.00,454.00,0
WC,170504,454.00,454.00,437.75,437.75,0
WC,170505,437.75,442.25,437.75,442.25,0
WC,170508,442.25,442.25,433.50,433.50,0
WC,170509,433.50,433.50,429.50,429.50,0
WC,170510,429.50,431.75,429.50,431.75,0
WC,170511,431.75,433.75,431.75,433.75,0
WC,170512,433.75,433.75,432.75,432.75,0
WC,170515,432.75,432.75,423.25,423.25,0
WC,170516,423.25,424.25,423.25,424.25,0
WC,170517,424.25,427.00,424.25,427.00,0
WC,170518,427.00,427.00,425.75,425.75,0
WC,170522,435.25,435.25,434.25,434.25,0
WC,170523,434.25,434.25,429.50,429.50,0
WC,170524,429.50,432.50,429.50,432.50,0
WC,170525,432.50,432.50,430.75,430.75,0
WC,170526,430.75,438.25,430.75,438.25,0
WC,170530,438.25,438.25,429.50,429.50,0
WC,170531,429.50,429.50,429.25,429.25,0
WC,170601,429.25,429.25,429.00,429.00,0
WC,170602,429.00,429.50,429.00,429.50,0
WC,170605,429.50,429.50,429.50,429.50,0
WC,170606,429.50,435.75,429.50,435.75,0
WC,170607,435.75,444.75,435.75,444.75,0
WC,170608,444.75,449.25,444.75,449.25,0
WC,170609,449.25,449.25,445.75,445.75,0
WC,170612,445.75,445.75,434.00,434.00,0
WC,170613,434.00,445.00,434.00,445.00,0
WC,170614,445.00,445.00,443.00,443.00,0
WC,170615,443.00,453.75,443.00,453.75,0
WC,170616,453.75,465.25,453.75,465.25,0
WC,170619,465.25,467.00,465.25,467.00,0
WC,170620,467.00,472.50,467.00,472.50,0
WC,170621,472.50,472.50,464.50,464.50,0
WC,170622,464.50,464.50,461.25,461.25,0
WC,170623,475.25,475.25,473.50,473.50,0
WC,170626,473.50,473.50,465.50,465.50,0
WC,170627,465.50,469.00,465.50,469.00,0
WC,170630,496.00,526.00,496.00,526.00,0
WC,170703,526.00,555.00,526.00,555.00,0
WC,170705,555.00,560.00,555.00,560.00,0
WC,170706,560.00,560.00,539.00,539.00,0
WC,170707,539.00,539.00,535.00,535.00,0
WC,170710,535.00,550.00,535.00,550.00,0
WC,170711,550.00,553.00,550.00,553.00,0
WC,170712,553.00,553.00,537.00,537.00,0
WC,170713,537.00,537.00,511.75,511.75,0
WC,170714,511.75,511.75,510.75,510.75,0
WC,170717,510.75,510.75,506.00,506.00,0
WC,170718,506.00,506.00,503.75,503.75,0
WC,170719,503.75,503.75,503.00,503.00,0
WC,170720,503.00,505.75,503.00,505.75,0
WC,170721,505.75,505.75,499.25,499.25,0
WC,170724,499.25,499.25,488.75,488.75,0
WC,170725,488.75,488.75,474.00,474.00,0
WC,170726,474.00,477.75,474.00,477.75,0
WC,170727,477.75,479.75,477.75,479.75,0
WC,170728,479.75,481.00,479.75,481.00,0
WC,170731,481.00,481.00,474.50,474.50,0
WC,170801,474.50,474.50,461.25,461.25,0
WC,170802,461.25,461.25,460.75,460.75,0
WC,170803,460.75,460.75,457.75,457.75,0
WC,170804,457.75,457.75,454.75,454.75,0
WC,170807,454.75,463.50,454.75,463.50,0
WC,170808,463.50,463.50,457.00,457.00,0
WC,170809,457.00,459.50,457.00,459.50,0
WC,170810,459.50,459.50,440.50,440.50,0
WC,170811,440.50,440.50,439.25,439.25,0
WC,170814,439.25,441.00,439.25,441.00,0
WC,170815,441.00,441.00,429.50,429.50,0
WC,170816,456.00,456.00,447.00,447.00,0
WC,170817,447.00,447.00,440.75,440.75,0
WC,170818,440.75,442.50,440.75,442.50,0
WC,170821,442.50,442.50,437.00,437.00,0
WC,170822,437.00,437.00,429.00,429.00,0
WC,170823,429.00,430.00,429.00,430.00,0
WC,170824,430.00,434.50,430.00,434.50,0
WC,170825,434.50,435.25,434.50,435.25,0
WC,170828,435.25,435.25,428.00,428.00,0
WC,170829,428.00,429.75,428.00,429.75,0
WC,170830,429.75,429.75,429.75,429.75,0
WC,170831,429.75,434.50,429.75,434.50,0
WC,170901,434.50,438.75,434.50,438.75,0
WC,170905,438.75,443.00,438.75,443.00,0
WC,170906,443.00,445.75,443.00,445.75,0
WC,170907,445.75,445.75,437.25,437.25,0
WC,170908,437.25,437.75,437.25,437.75,0
WC,170911,437.75,437.75,434.75,434.75,0
WC,170912,434.75,442.00,434.75,442.00,0
WC,170913,442.00,443.25,442.00,443.25,0
WC,170914,443.25,443.25,443.00,443.00,0
WC,170915,443.00,449.00,443.00,449.00,0
WC,170918,449.00,449.00,443.50,443.50,0
WC,170919,443.50,443.50,443.00,443.00,0
WC,170920,443.00,449.75,443.00,449.75,0
WC,170921,449.75,452.50,449.75,452.50,0
WC,170922,452.50,452.50,449.50,449.50,0
WC,170925,449.50,454.00,449.50,454.00,0
WC,170926,454.00,454.00,453.75,453.75,0
WC,170927,453.75,461.50,453.75,461.50,0
WC,170928,461.50,461.50,455.00,455.00,0
WC,170929,455.00,455.00,448.25,448.25,0
WC,171002,448.25,448.25,444.75,444.75,0
WC,171003,444.75,448.00,444.75,448.00,0
WC,171004,448.00,448.00,442.00,442.00,0
WC,171005,442.00,442.00,440.75,440.75,0
WC,171006,440.75,443.50,440.75,443.50,0
WC,171009,443.50,443.50,436.00,436.00,0
WC,171010,436.00,436.00,435.25,435.25,0
WC,171011,435.25,435.25,433.25,433.25,0
WC,171012,433.25,433.25,430.50,430.50,0
WC,171013,430.50,439.50,430.50,439.50,0
WC,171016,439.50,439.50,436.50,436.50,0
WC,171017,436.50,436.50,434.75,434.75,0
WC,171018,434.75,434.75,430.00,430.00,0
WC,171019,430.00,432.75,430.00,432.75,0
WC,171020,432.75,432.75,426.00,426.00,0
WC,171023,426.00,436.75,426.00,436.75,0
WC,171024,436.75,438.00,436.75,438.00,0
WC,171025,438.00,438.00,435.50,435.50,0
WC,171026,435.50,435.50,431.75,431.75,0
WC,171027,431.75,431.75,427.25,427.25,0
WC,171030,427.25,427.25,424.75,424.75,0
WC,171031,424.75,424.75,418.50,418.50,0
WC,171101,418.50,418.50,418.00,418.00,0
WC,171102,418.00,426.00,418.00,426.00,0
WC,171103,426.00,426.00,425.75,425.75,0
WC,171106,425.75,430.75,425.75,430.75,0
WC,171107,430.75,430.75,427.25,427.25,0
WC,171108,427.25,427.25,426.75,426.75,0
WC,171109,426.75,429.00,426.75,429.00,0
WC,171110,429.00,431.50,429.00,431.50,0
WC,171113,431.50,431.50,424.25,424.25,0
WC,171114,424.25,428.00,424.25,428.00,0
WC,171115,428.00,428.00,420.00,420.00,0
WC,171116,420.00,421.50,420.00,421.50,0
WC,171117,421.50,427.25,421.50,427.25,0
WC,171120,427.25,427.25,422.00,422.00,0
WC,171121,422.00,424.75,422.00,424.75,0
WC,171122,441.25,441.25,440.75,440.75,0
WC,171124,440.75,440.75,434.75,434.75,0
WC,171127,434.75,434.75,428.25,428.25,0
WC,171128,428.25,429.25,428.25,429.25,0
WC,171129,429.25,434.75,429.25,434.75,0
WC,171130,434.75,434.75,433.00,433.00,0
WC,171201,433.00,438.50,433.00,438.50,0
WC,171204,438.50,438.50,435.25,435.25,0
WC,171205,435.25,435.25,432.75,432.75,0
WC,171206,432.75,432.75,425.25,425.25,0
WC,171207,425.25,425.25,421.50,421.50,0
WC,171208,421.50,421.50,419.00,419.00,0
WC,171211,419.00,419.00,413.50,413.50,0
WC,171212,413.50,413.50,410.75,410.75,0
WC,171213,410.75,416.75,410.75,416.75,0
WC,171214,416.75,418.25,416.75,418.25,0
WC,171215,418.25,418.25,418.25,418.25,0
WC,171218,418.25,420.50,418.25,420.50,0
WC,171219,420.50,420.50,419.50,419.50,0
WC,171220,419.50,423.50,419.50,423.50,0
WC,171221,423.50,427.00,423.50,427.00,0
WC,171222,427.00,427.00,424.75,424.75,0
WC,171226,424.75,424.75,422.25,422.25,0
WC,171227,422.25,428.00,422.25,428.00,0
WC,171228,428.00,428.00,427.75,427.75,0
WC,171229,427.75,427.75,427.00,427.00,0

WC,180102,427.00,433.50,427.00,433.50,0
WC,180103,433.50,436.00,433.50,436.00,0
WC,180104,436.00,436.00,434.00,434.00,0
WC,180105,434.00,434.00,430.75,430.75,0
WC,180108,430.75,430.75,427.75,427.75,0
WC,180109,427.75,432.25,427.75,432.25,0
WC,180110,432.25,434.25,432.25,434.25,0
WC,180111,434.25,434.25,433.25,433.25,0
WC,180112,433.25,433.25,420.50,420.50,0
WC,180116,420.50,420.50,416.50,416.50,0
WC,180118,421.50,425.25,421.50,425.25,0
WC,180119,425.25,425.25,422.75,422.75,0
WC,180122,422.75,425.75,422.75,425.75,0
WC,180123,425.75,425.75,421.50,421.50,0
WC,180124,421.50,433.00,421.50,433.00,0
WC,180125,433.00,434.50,433.00,434.50,0
WC,180126,434.50,441.00,434.50,441.00,0
WC,180129,441.00,449.25,441.00,449.25,0
WC,180130,449.25,457.25,449.25,457.25,0
WC,180131,457.25,457.25,451.75,451.75,0
WC,180201,451.75,451.75,451.00,451.00,0
WC,180202,451.00,451.00,446.75,446.75,0
WC,180205,446.75,446.75,440.25,440.25,0
WC,180206,440.25,446.25,440.25,446.25,0
WC,180207,446.25,460.50,446.25,460.50,0
WC,180208,460.50,460.50,456.25,456.25,0
WC,180209,456.25,456.25,449.00,449.00,0
WC,180212,449.00,464.00,449.00,464.00,0
WC,180213,464.00,464.00,460.75,460.75,0
WC,180214,460.75,460.75,455.75,455.75,0
WC,180215,455.75,461.75,455.75,461.75,0
WC,180216,461.75,461.75,457.75,457.75,0
WC,180220,457.75,457.75,449.25,449.25,0
WC,180221,449.25,449.25,447.25,447.25,0
WC,180222,447.25,451.25,447.25,451.25,0
WC,180223,464.25,464.25,464.25,464.25,0
WC,180226,464.25,472.75,464.25,472.75,0
WC,180227,472.75,477.00,472.75,477.00,0
WC,180228,477.00,495.00,477.00,495.00,0
WC,180301,495.00,515.50,495.00,515.50,0
WC,180302,515.50,515.50,500.00,500.00,0
WC,180305,500.00,509.25,500.00,509.25,0
WC,180306,509.25,509.25,507.00,507.00,0
WC,180307,507.00,507.00,497.25,497.25,0
WC,180308,497.25,499.25,497.25,499.25,0
WC,180309,499.25,499.25,489.25,489.25,0
WC,180312,489.25,490.75,489.25,490.75,0
WC,180313,490.75,490.75,486.50,486.50,0
WC,180314,486.50,488.75,486.50,488.75,0
WC,180315,488.75,488.75,478.75,478.75,0
WC,180316,478.75,478.75,467.75,467.75,0
WC,180319,467.75,467.75,450.75,450.75,0
WC,180320,450.75,453.00,450.75,453.00,0
WC,180321,453.00,453.50,453.00,453.50,0
WC,180322,453.50,455.75,453.50,455.75,0
WC,180323,455.75,460.25,455.75,460.25,0
WC,180326,460.25,460.25,454.25,454.25,0
WC,180327,454.25,454.25,449.00,449.00,0
WC,180328,449.00,449.00,445.50,445.50,0
WC,180329,447.50,455.75,441.50,451.00,0
WC,180402,446.25,446.25,446.25,446.25,0
WC,180403,457.50,457.50,457.50,457.50,0
WC,180405,458.00,466.00,456.50,464.75,0
WC,180406,461.50,472.75,459.25,472.25,0
WC,180409,490.75,490.75,490.75,490.75,0
WC,180410,492.00,492.00,492.00,492.00,0
WC,180411,487.25,487.25,487.25,487.25,0
WC,180412,483.50,484.75,474.75,481.00,0
WC,180413,480.25,481.25,469.50,472.50,0
WC,180416,462.25,462.25,462.25,462.25,0
WC,180417,463.75,470.75,461.50,466.25,0
WC,180418,489.25,489.25,489.25,489.25,0
WC,180419,491.75,494.00,485.00,490.75,0
WC,180420,489.75,491.00,476.25,477.25,0
WC,180423,474.50,474.50,474.50,474.50,0
WC,180424,484.25,484.25,484.25,484.25,0
WC,180425,499.00,499.00,499.00,499.00,0
WC,180426,498.50,504.25,487.25,489.50,0
WC,180427,493.25,499.00,488.75,498.50,0
WC,180430,500.75,513.25,500.75,510.50,0
WC,180501,529.25,529.25,529.25,529.25,0
WC,180502,526.75,526.75,526.75,526.75,0
WC,180503,526.00,538.50,520.50,538.00,0
WC,180504,537.25,537.25,523.50,526.25,0
WC,180507,522.25,524.00,510.50,511.50,0
WC,180508,515.50,515.75,511.25,514.50,0
WC,180509,511.25,513.00,510.50,510.50,0
WC,180510,511.25,515.00,500.25,506.50,0
WC,180511,502.75,505.25,497.00,498.75,0
WC,180514,490.50,495.75,490.00,491.25,0
WC,180515,493.75,494.75,491.50,493.50,0
WC,180516,493.75,498.75,491.00,494.25,0
WC,180517,496.00,505.00,495.00,497.50,0
WC,180518,497.50,518.75,495.25,518.25,0
WC,180521,523.00,525.50,504.25,507.25,0
WC,180522,505.50,530.25,502.75,521.50,0
WC,180523,531.00,533.50,529.75,531.00,0
WC,180524,531.00,545.25,529.25,530.25,0
WC,180525,530.00,544.75,528.25,543.00,0
WC,180529,547.50,554.00,531.50,536.50,0
WC,180530,522.00,522.50,517.75,522.00,0
WC,180531,522.00,531.75,515.25,526.25,0
WC,180601,524.50,528.00,518.25,523.25,0
WC,180604,507.00,510.50,505.25,505.25,0
WC,180605,509.75,514.25,507.50,510.00,0
WC,180606,522.25,526.75,519.25,519.75,0
WC,180607,522.25,537.00,519.25,526.75,0
WC,180608,528.25,533.50,513.25,520.00,0
WC,180611,514.75,515.00,510.25,514.50,0
WC,180612,535.00,538.75,527.00,534.50,0
WC,180613,515.75,517.00,505.75,516.50,0
WC,180614,515.75,517.00,498.25,501.50,0
WC,180615,502.50,508.75,487.00,499.50,0
WC,180618,489.50,490.50,487.00,490.00,0
WC,180619,477.75,479.00,477.50,477.75,0
WC,180620,490.75,492.50,488.25,488.25,0
WC,180621,500.75,510.00,493.00,506.75,0
WC,180622,506.75,509.50,498.50,504.25,0
WC,180625,491.50,493.25,489.25,490.50,0
WC,180626,483.00,486.00,481.75,483.00,0
WC,180627,487.50,488.50,486.50,488.50,0
WC,180628,487.50,492.75,482.75,483.50,0
WC,180629,484.50,509.00,483.25,501.25,0
WC,180702,501.25,509.75,479.50,480.25,0
WC,180703,481.25,493.00,481.00,491.00,0
WC,180705,496.50,508.50,496.50,505.50,0
WC,180706,505.00,516.25,498.25,515.25,0
WC,180709,507.50,508.00,504.25,508.00,0
WC,180710,489.75,492.00,486.25,492.00,0
WC,180711,474.25,477.50,471.75,471.75,0
WC,180712,483.50,491.50,483.00,484.50,0
WC,180713,483.50,497.75,481.25,497.00,0
WC,180716,491.00,492.00,487.75,488.50,0
WC,180717,498.25,505.00,497.75,497.75,0
WC,180718,493.75,494.50,490.75,494.50,0
WC,180719,503.50,507.00,503.00,504.25,0
WC,180720,503.50,519.75,503.00,516.00,0
WC,180723,511.50,513.75,510.25,513.75,0
WC,180724,511.50,516.00,510.25,510.25,0
WC,180725,544.75,548.00,542.75,542.75,0
WC,180726,536.00,537.50,534.75,536.50,0
WC,180727,536.00,542.00,525.25,530.50,0
WC,180730,545.50,547.25,542.75,546.50,0
WC,180731,555.25,557.50,551.75,553.75,0
WC,180801,555.25,566.00,550.75,558.25,0
WC,180802,559.50,593.00,559.00,560.50,0
WC,180803,563.25,567.75,554.00,556.25,0
WC,180806,555.00,576.25,551.50,574.50,0
WC,180807,575.25,586.25,564.00,568.25,0
WC,180808,569.75,578.00,564.50,570.00,0
WC,180809,570.50,573.75,561.75,564.50,0
WC,180810,564.75,574.00,545.75,546.75,0
WC,180813,546.50,549.75,530.50,533.50,0
WC,180814,553.50,563.50,552.25,561.25,0
WC,180815,560.75,562.50,549.00,551.75,0
WC,180816,552.25,567.50,550.50,562.00,0
WC,180817,562.00,582.75,555.00,579.75,0
WC,180820,581.75,582.50,560.00,562.50,0
WC,180821,564.75,564.75,546.50,547.75,0
WC,180822,547.00,552.50,540.00,545.25,0
WC,180823,550.75,554.50,535.50,541.75,0
WC,180824,541.75,541.75,535.00,536.50,0
WC,180827,536.00,536.00,521.75,522.50,0
WC,180828,523.00,529.00,518.50,523.25,0
WC,180829,523.00,545.00,521.25,541.75,0
WC,180830,544.75,549.50,530.00,535.00,0
WC,180831,536.25,548.00,535.25,545.50,0
WC,180904,538.00,542.50,519.50,531.50,0
WC,180905,531.50,538.25,521.25,521.75,0
WC,180906,522.00,524.50,512.50,513.75,0
WC,180907,513.25,514.50,507.50,511.25,0
WC,180910,512.00,529.00,508.25,528.25,0
WC,180911,528.50,532.75,517.25,518.75,0
WC,180912,519.00,529.25,500.25,506.75,0
WC,180913,505.00,510.00,495.25,497.00,0
WC,180914,497.00,514.25,496.00,511.50,0
WC,180917,513.50,517.75,505.50,506.25,0
WC,180918,506.25,514.25,506.25,510.50,0
WC,180919,511.00,523.25,510.50,522.50,0
WC,180920,523.00,525.75,516.00,524.00,0
WC,180921,521.00,524.25,515.00,521.75,0
WC,180924,522.00,531.25,520.00,527.00,0
WC,180925,525.25,525.75,516.25,520.75,0
WC,180926,521.25,527.00,516.75,517.50,0
WC,180927,517.75,522.00,511.25,513.00,0
WC,180928,513.00,518.00,505.50,509.00,0
WC,181001,510.00,515.25,505.50,509.50,0
WC,181002,510.50,524.75,505.25,519.25,0
WC,181003,521.25,527.25,514.25,515.25,0
WC,181004,515.75,520.75,513.75,518.00,0
WC,181005,518.00,524.50,517.25,521.00,0
WC,181008,524.00,525.50,512.75,514.00,0
WC,181009,513.50,520.50,511.25,515.00,0
WC,181010,516.75,518.00,510.25,510.50,0
WC,181011,510.75,521.00,506.50,508.00,0
WC,181012,507.75,519.00,507.25,517.25,0
WC,181015,518.50,526.00,514.75,525.00,0
WC,181016,525.75,527.00,521.00,523.50,0
WC,181017,524.00,524.50,516.00,517.50,0
WC,181018,516.00,519.50,511.00,513.00,0
WC,181019,513.00,518.50,510.75,514.75,0
WC,181022,514.00,514.25,507.25,508.00,0
WC,181023,508.00,511.25,505.25,509.00,0
WC,181024,510.00,510.75,496.75,499.50,0
WC,181025,499.75,499.75,485.50,487.25,0
WC,181026,487.25,506.75,486.75,505.25,0
WC,181029,510.25,515.00,502.75,507.25,0
WC,181030,505.50,507.50,497.00,499.75,0
WC,181031,499.75,501.75,490.00,500.50,0
WC,181101,500.50,510.00,500.50,508.00,0
WC,181102,507.00,509.75,502.75,508.75,0
WC,181105,511.25,512.25,503.75,507.25,0
WC,181106,507.25,514.00,505.50,512.00,0
WC,181107,512.50,514.25,507.25,510.25,0
WC,181108,509.50,517.00,503.25,507.75,0
WC,181109,507.50,508.00,500.75,502.00,0
WC,181112,502.50,520.75,501.25,519.75,0
WC,181113,518.25,520.75,506.00,507.75,0
WC,181114,507.75,511.00,501.00,503.00,0
WC,181115,503.00,509.00,503.00,505.50,0
WC,181116,505.25,508.75,502.75,506.75,0
WC,181119,506.50,507.25,496.00,498.50,0
WC,181120,505.50,509.75,503.75,508.50,0
WC,181121,508.00,512.00,504.75,506.75,0
WC,181123,509.00,516.00,506.50,507.25,0
WC,181126,510.00,514.25,509.00,514.00,0
WC,181127,513.00,516.75,504.00,506.50,0
WC,181128,506.50,513.25,505.25,511.50,0
WC,181129,511.50,514.50,506.00,507.75,0
WC,181130,507.75,519.25,507.25,515.75,0
WC,181203,526.00,529.50,517.00,521.25,0
WC,181204,519.50,523.25,516.00,522.50,0
WC,181205,521.75,522.00,513.50,518.00,0
WC,181206,518.00,518.50,510.00,515.50,0
WC,181207,517.00,532.00,515.25,531.25,0
WC,181210,529.75,531.00,524.50,525.25,0
WC,181211,525.00,529.00,517.50,521.00,0
WC,181212,522.00,528.75,521.75,526.50,0
WC,181213,527.25,538.50,527.25,536.00,0
WC,181214,536.00,538.00,527.75,530.00,0
WC,181217,531.00,537.50,530.00,535.25,0
WC,181218,534.00,536.00,530.00,532.75,0
WC,181219,532.75,533.00,521.50,522.50,0
WC,181220,524.00,527.75,521.25,523.50,0
WC,181221,522.00,524.00,512.25,514.00,0
WC,181224,512.00,518.00,511.00,516.50,0
WC,181226,516.00,520.75,509.00,510.00,0
WC,181227,511.50,513.00,507.25,510.50,0
WC,181228,511.75,514.00,509.50,511.50,0
WC,181231,512.75,513.50,503.00,503.25,0
WC,190102,502.50,510.75,501.25,506.75,0
WC,190103,506.75,516.00,506.00,513.75,0
WC,190104,513.75,518.75,513.00,517.00,0
WC,190107,518.00,518.50,513.50,516.75,0
WC,190108,516.50,524.50,513.75,517.75,0
WC,190109,519.75,523.75,518.25,520.00,0
WC,190110,519.50,520.25,512.00,513.75,0
WC,190111,513.75,523.75,512.75,519.50,0
WC,190114,520.00,523.50,513.25,514.25,0
WC,190115,514.75,518.25,508.00,511.00,0
WC,190116,511.00,516.75,511.00,512.50,0
WC,190117,511.50,522.50,509.00,517.75,0
WC,190118,519.75,522.75,515.25,517.75,0
WC,190122,518.00,526.00,514.25,521.25,0
WC,190123,522.50,527.00,521.75,526.00,0
WC,190124,527.00,529.00,521.00,521.50,0
WC,190125,520.50,523.00,516.75,520.00,0
WC,190128,520.75,523.50,516.00,518.75,0
WC,190129,517.75,522.00,510.75,513.25,0
WC,190130,513.25,518.00,511.75,516.75,0
WC,190131,517.75,520.00,513.50,516.50,0
WC,190201,515.75,526.50,515.25,524.25,0
WC,190204,524.75,529.00,521.25,525.75,0
WC,190205,525.25,528.25,520.50,527.25,0
WC,190206,527.00,531.25,524.25,526.00,0
WC,190207,525.25,525.25,512.50,513.25,0
WC,190208,514.75,522.25,513.50,517.25,0
WC,190211,517.25,519.00,512.00,518.25,0
WC,190212,518.50,520.75,514.50,520.00,0
WC,190213,519.75,524.00,518.75,522.25,0
WC,190214,521.50,522.50,506.00,507.00,0
WC,190215,511.25,512.25,503.00,507.00,0
WC,190219,505.25,508.50,491.00,492.25,0
WC,190220,492.25,496.00,479.75,484.25,0
WC,190221,484.25,495.25,483.75,491.00,0
WC,190222,493.00,497.50,488.75,491.75,0
WC,190225,494.50,495.00,472.25,472.75,0
WC,190226,473.00,474.75,463.75,468.25,0
WC,190227,468.25,475.50,465.25,466.75,0
WC,190228,468.00,468.75,457.75,459.50,0
WC,190301,459.50,461.25,447.25,457.25,0
WC,190304,457.25,461.25,454.25,455.50,0
WC,190305,457.00,464.00,453.00,462.75,0
WC,190306,464.25,464.25,449.25,450.00,0
WC,190307,450.75,451.75,437.50,438.25,0
WC,190308,438.00,444.25,434.25,439.50,0
WC,190311,439.50,441.75,427.00,428.50,0
WC,190312,428.50,457.00,427.50,453.00,0
WC,190313,454.00,456.00,440.25,447.25,0
WC,190314,447.25,460.75,447.00,452.75,0
WC,190315,452.50,463.00,448.50,462.25,0
WC,190318,463.25,464.00,454.50,456.75,0
WC,190319,458.50,462.50,453.75,456.50,0
WC,190320,456.75,465.00,454.75,464.75,0
WC,190321,464.50,467.50,458.00,466.50,0
WC,190322,465.50,473.75,463.75,466.00,0
WC,190325,466.50,471.75,463.00,469.50,0
WC,190326,470.00,478.00,467.00,469.25,0
WC,190327,470.00,471.75,466.50,469.50,0
WC,190328,468.50,469.25,459.50,464.50,0
WC,190329,463.75,464.75,452.50,457.75,0
WC,190401,459.50,468.25,456.00,462.75,0
WC,190402,463.50,465.75,456.00,464.00,0
WC,190403,463.00,472.75,463.00,471.00,0
WC,190404,471.00,477.50,468.00,470.75,0
WC,190405,469.00,469.50,464.25,467.75,0
WC,190408,467.25,471.00,461.75,465.25,0
WC,190409,462.00,462.50,456.25,459.50,0
WC,190410,459.00,461.75,455.50,458.00,0
WC,190411,460.25,466.75,460.25,465.50,0
WC,190412,466.50,468.75,462.00,468.50,0
WC,190415,467.25,467.50,461.25,463.25,0
WC,190416,462.25,463.75,446.00,448.50,0
WC,190417,450.00,453.75,448.25,450.25,0
WC,190418,450.00,451.50,443.25,448.25,0
WC,190422,446.75,448.25,440.75,441.75,0
WC,190423,441.25,447.50,439.00,445.00,0
WC,190424,444.50,445.75,436.00,438.50,0
WC,190425,436.75,443.50,434.50,441.50,0
WC,190426,439.75,445.75,439.50,442.50,0
WC,190429,443.25,446.75,433.75,435.25,0
WC,190430,434.25,435.50,426.00,428.75,0
WC,190501,428.00,437.75,427.75,436.00,0
WC,190502,436.75,448.50,435.50,444.00,0
WC,190503,445.00,448.00,436.00,438.00,0
WC,190506,430.00,439.50,428.00,437.25,0
WC,190507,436.50,442.25,431.25,439.50,0
WC,190508,440.25,443.50,434.50,439.00,0
WC,190509,437.75,438.00,428.00,429.50,0
WC,190510,432.00,434.25,421.50,424.75,0
WC,190513,441.25,442.00,437.00,437.00,0
WC,190514,441.25,450.75,438.00,448.50,0
WC,190515,451.50,464.00,447.00,448.75,0
WC,190516,446.25,468.50,446.25,467.00,0
WC,190517,469.00,473.25,462.50,465.00,0
WC,190520,469.75,484.00,468.00,478.25,0
WC,190521,486.25,492.75,474.00,478.75,0
WC,190522,475.75,481.00,468.50,472.75,0
WC,190523,473.00,485.50,466.25,470.25,0
WC,190524,469.75,490.75,467.25,489.50,0
WC,190528,495.00,509.25,494.50,504.75,0
WC,190529,515.00,521.75,487.50,490.50,0
WC,190530,488.75,515.00,482.00,514.50,0
WC,190531,514.50,520.00,500.75,503.00,0
WC,190603,505.75,522.75,503.00,519.75,0
WC,190604,526.00,529.00,501.25,507.25,0
WC,190605,507.00,508.50,488.50,490.75,0
WC,190606,492.00,514.00,487.75,510.00,0
WC,190607,511.00,512.75,502.00,504.50,0
WC,190610,505.25,508.50,493.25,507.50,0
WC,190611,504.00,518.75,500.25,518.00,0
WC,190612,519.75,528.00,513.00,526.25,0
WC,190613,526.00,536.50,524.75,535.50,0
WC,190614,535.50,544.00,530.75,538.50,0
WC,190617,540.25,549.25,537.50,539.50,0
WC,190618,539.75,541.00,525.25,531.50,0
WC,190619,530.25,531.00,514.25,522.25,0
WC,190620,532.50,533.25,530.00,531.75,0
WC,190621,532.50,534.75,528.25,530.75,0
WC,190624,530.75,544.75,526.75,542.50,0
WC,190625,545.00,549.50,538.25,540.00,0
WC,190626,539.75,547.75,536.25,546.50,0
WC,190627,547.25,557.25,541.75,546.75,0
WC,190628,546.00,554.75,522.50,527.25,0
WC,190701,530.00,531.00,508.50,511.75,0
WC,190702,511.75,515.75,501.25,503.25,0
WC,190703,502.00,514.50,501.00,514.00,0
WC,190705,514.00,517.00,505.25,515.00,0
WC,190708,518.00,519.00,507.25,511.00,0
WC,190709,510.00,511.00,498.75,502.75,0
WC,190710,500.25,506.75,498.00,504.75,0
WC,190711,505.00,523.00,500.25,521.50,0
WC,190712,521.50,525.75,516.75,523.00,0
WC,190715,524.25,531.50,506.00,507.75,0
WC,190716,507.75,510.00,501.00,507.50,0
WC,190717,507.25,514.00,502.00,505.50,0
WC,190718,504.00,505.25,493.00,493.50,0
WC,190719,494.75,516.75,492.50,502.50,0
WC,190722,505.25,505.25,487.00,487.25,0
WC,190723,487.75,493.50,483.25,487.25,0
WC,190724,487.25,498.75,487.25,497.75,0
WC,190725,497.75,507.50,492.25,499.50,0
WC,190726,499.50,500.25,493.50,496.00,0
WC,190729,495.25,507.25,492.50,503.50,0
WC,190730,502.25,503.25,495.00,497.25,0
WC,190731,497.50,500.50,484.50,487.25,0
WC,190801,486.75,488.50,471.75,475.75,0
WC,190802,479.25,491.50,476.00,490.75,0
WC,190805,490.25,495.00,479.25,494.50,0
WC,190806,493.00,495.75,482.75,484.00,0
WC,190807,484.00,490.25,477.50,488.25,0
WC,190808,489.50,502.75,486.00,498.50,0
WC,190809,498.25,505.25,496.00,499.50,0
WC,190812,500.00,502.00,466.50,471.75,0
WC,190813,471.00,478.75,465.50,472.00,0
WC,190814,474.75,480.00,471.25,473.75,0
WC,190815,475.75,477.25,468.50,469.00,0
WC,190816,470.25,473.00,467.25,470.75,0
WC,190819,469.00,470.50,464.00,465.50,0
WC,190820,471.00,475.75,463.50,466.50,0
WC,190821,466.50,468.75,461.75,468.00,0
WC,190822,468.00,474.50,466.00,471.75,0
WC,190823,471.25,478.50,465.75,477.75,0
WC,190826,476.00,481.25,472.75,475.25,0
WC,190827,474.50,479.75,472.75,476.75,0
WC,190828,477.25,478.25,468.75,475.25,0
WC,190829,475.00,477.50,471.75,472.75,0
WC,190830,472.75,472.75,459.25,462.50,0
WC,190903,463.00,463.00,450.50,453.50,0
WC,190904,454.00,465.00,454.00,460.75,0
WC,190905,460.50,469.50,460.25,466.25,0
WC,190906,466.00,466.75,460.25,463.75,0
WC,190909,461.00,476.00,460.25,474.50,0
WC,190910,475.75,483.50,473.75,482.25,0
WC,190911,481.50,482.50,475.00,477.50,0
WC,190912,479.00,486.00,472.50,483.75,0
WC,190913,485.50,491.00,480.50,483.50,0
WC,190916,488.00,490.00,482.25,488.75,0
WC,190917,487.75,487.75,480.75,484.25,0
WC,190918,484.25,492.50,481.75,489.50,0
WC,190919,489.25,492.00,484.50,488.00,0
WC,190920,486.50,491.25,483.50,484.25,0
WC,190923,485.00,487.50,481.25,483.00,0
WC,190924,481.75,484.25,477.50,481.75,0
WC,190925,481.00,482.25,476.25,477.25,0
WC,190926,477.00,486.75,476.75,484.25,0
WC,190927,486.00,490.50,482.50,487.25,0
WC,190930,488.00,501.00,483.25,495.75,0
WC,191001,496.50,499.25,489.75,498.75,0
WC,191002,496.50,499.00,485.25,489.00,0
WC,191003,488.00,493.00,485.75,488.75,0
WC,191004,489.25,492.25,486.50,490.50,0
WC,191007,492.00,494.50,488.50,489.25,0
WC,191008,489.75,502.25,486.75,500.25,0
WC,191009,500.50,504.50,497.25,500.25,0
WC,191010,499.50,504.25,487.50,493.00,0
WC,191011,491.75,512.75,491.25,508.00,0
WC,191014,513.00,515.00,506.75,511.00,0
WC,191015,510.00,511.25,504.25,507.00,0
WC,191016,505.75,514.25,504.50,513.25,0
WC,191017,514.25,527.00,512.75,525.50,0
WC,191018,526.00,532.75,521.00,532.25,0
WC,191021,532.00,535.00,522.75,523.50,0
